SQL> select saname as "이름",
  2   TO_Char(sapay*10000,'999,999,999') as "연봉",
  3  To_char(round(sapay*10000/12,-2),'999,999,999') as "월급",
  4   To_char(trunc(sapay*10000/12*0.05,0),'999,999,999') as "세금" from sawon;

이름                 연봉                     월급                     세금
-------------------- ------------------------ ------------------------ ------------------------
홍길동                 50,000,000                4,166,700                  208,333
한국남                 30,000,000                2,500,000                  125,000
이순신                 35,000,000                2,916,700                  145,833
이순라                 12,000,000                1,000,000                   50,000
놀기만                 23,000,000                1,916,700                   95,833
뷰별나                 16,000,000                1,333,300                   66,666
채시라                 34,000,000                2,833,300                  141,666
이성계                 28,030,000                2,335,800                  116,791
무궁화                 30,000,000                2,500,000                  125,000
임꺽정                 22,000,000                1,833,300                   91,666
깨똥이                 45,000,000                3,750,000                  187,500
공부만                 40,030,000                3,335,800                  166,791
채송화                 17,030,000                1,419,200                   70,958
이미라                 25,030,000                2,085,800                  104,291
공부해                 13,030,000                1,085,800                   54,291
뷰명한                 18,000,000                1,500,000                   75,000
무궁화                 11,000,000                  916,700                   45,833
최진실                 20,000,000                1,666,700                   83,333
김유신                  4,000,000                  333,300                   16,666
강감찬                 10,030,000                  835,800                   41,791

20 rows selected.